Namespace(
	logger = <tassn.utils.config.Logger object at 0x0000018B5B0CE380>,
	idx_cols = ['uid', 'tid'],
	ptord_cols = ['ipnt'],
	tw_cols = ['itw'],
	space_cols = ['lng', 'lat'],
	time_cols = ['timestamp'],
	label_cols = ['mode'],
	weight_cols = ['dtw'],
	feat_cols = ['dt', 'dl', 'v', 'a', 'w', 'distmin', 'nstops', 'distrd', 'distrl'],
	seed = 1,
	M = 5,
	C = 9,
	num_conv = 6,
	dim_conv = 128,
	kernel_size = 3,
	dim_out_cnn = 128,
	pdrop_cnn = 0.5,
	dim_hidden = 128,
	pdrop_agg = 0.5,
	n_rnn = 3,
	pdrop_rnn = 0.3,
	cutter_kwargs = {'nsmp_max': 2048, 'max_empty_ratio': 0.6, 'B_min': 3, 'sort': True},
	algo = adam,
	schedule_kwargs = {'policy': 'warmup', 'step_peak': 2, 'step_half': 4, 'peak': 1},
	epoch_stg1 = 15,
	epoch_stg2 = 15,
	B_stg1 = 64,
	B_stg2 = 64,
	enc_stg1 = agg,
	enc_stg2 = rnn,
	lr = 0.001,
	tol = 1e-06,
	dpo_kwargs = {'dtmin': 2, 'dtmax': 330, 'lmd': 20, 'ita': 0.5},
	verbose = 1,
	min_pnt = 3,
	min_duration = 60,
	root_data = data/,
)
======== [Case usersplit] ========
------- [usersplit / Fold 0] -------
dropout points...remain 15.35% (415933/2710186), calculating x and y...finish!
building training dataset (time window)...finish!
[Epoch 0]: [Loss = 0.95540386], lr = 0.000500, Elapsed: 10.52 s
dropout points...remain 15.83% (428889/2710186), calculating x and y...finish!
building training dataset (time window)...finish!
[Epoch 1]: [Loss = 0.83858202], lr = 0.001000, Elapsed: 19.19 s
dropout points...remain 15.90% (430891/2710186), calculating x and y...finish!
building training dataset (time window)...finish!
[Epoch 2]: [Loss = 0.77462071], lr = 0.000841, Elapsed: 27.93 s
dropout points...remain 15.68% (425064/2710186), calculating x and y...finish!
building training dataset (time window)...finish!
[Epoch 3]: [Loss = 0.73778734], lr = 0.000707, Elapsed: 36.60 s
dropout points...remain 15.36% (416420/2710186), calculating x and y...finish!
building training dataset (time window)...finish!
[Epoch 4]: [Loss = 0.70267516], lr = 0.000595, Elapsed: 44.88 s
dropout points...remain 15.08% (408709/2710186), calculating x and y...finish!
building training dataset (time window)...finish!
[Epoch 5]: [Loss = 0.68644610], lr = 0.000500, Elapsed: 53.24 s
dropout points...remain 15.13% (409958/2710186), calculating x and y...finish!
building training dataset (time window)...finish!
[Epoch 6]: [Loss = 0.65466156], lr = 0.000420, Elapsed: 61.74 s
dropout points...remain 14.95% (405141/2710186), calculating x and y...finish!
building training dataset (time window)...finish!
[Epoch 7]: [Loss = 0.64632881], lr = 0.000354, Elapsed: 70.23 s
dropout points...remain 15.79% (427998/2710186), calculating x and y...finish!
building training dataset (time window)...finish!
[Epoch 8]: [Loss = 0.63716199], lr = 0.000297, Elapsed: 78.62 s
dropout points...remain 16.37% (443566/2710186), calculating x and y...finish!
building training dataset (time window)...finish!
[Epoch 9]: [Loss = 0.62712204], lr = 0.000250, Elapsed: 87.40 s
dropout points...remain 16.06% (435289/2710186), calculating x and y...finish!
building training dataset (time window)...finish!
[Epoch 10]: [Loss = 0.62129730], lr = 0.000210, Elapsed: 96.45 s
dropout points...remain 15.19% (411643/2710186), calculating x and y...finish!
building training dataset (time window)...finish!
[Epoch 11]: [Loss = 0.60447176], lr = 0.000177, Elapsed: 105.41 s
dropout points...remain 15.39% (417094/2710186), calculating x and y...finish!
building training dataset (time window)...finish!
[Epoch 12]: [Loss = 0.59218490], lr = 0.000149, Elapsed: 114.55 s
dropout points...remain 15.54% (421216/2710186), calculating x and y...finish!
building training dataset (time window)...finish!
[Epoch 13]: [Loss = 0.57469413], lr = 0.000125, Elapsed: 123.28 s
dropout points...remain 15.95% (432282/2710186), calculating x and y...finish!
building training dataset (time window)...finish!
[Epoch 14]: [Loss = 0.59769571], lr = 0.000105, Elapsed: 132.17 s
dropout points...remain 15.33% (415383/2710186), calculating x and y...finish!
building training dataset (time window)...finish!
[Epoch 15]: [Loss = 0.75485488], lr = 0.000500, Elapsed: 143.37 s
dropout points...remain 15.58% (422326/2710186), calculating x and y...finish!
building training dataset (time window)...finish!
[Epoch 16]: [Loss = 0.58362118], lr = 0.001000, Elapsed: 154.44 s
dropout points...remain 15.44% (418507/2710186), calculating x and y...finish!
building training dataset (time window)...finish!
[Epoch 17]: [Loss = 0.49655912], lr = 0.000841, Elapsed: 165.30 s
dropout points...remain 15.00% (406404/2710186), calculating x and y...finish!
building training dataset (time window)...finish!
[Epoch 18]: [Loss = 0.45838642], lr = 0.000707, Elapsed: 176.05 s
dropout points...remain 16.30% (441667/2710186), calculating x and y...finish!
building training dataset (time window)...finish!
[Epoch 19]: [Loss = 0.41691626], lr = 0.000595, Elapsed: 186.46 s
dropout points...remain 15.04% (407515/2710186), calculating x and y...finish!
building training dataset (time window)...finish!
[Epoch 20]: [Loss = 0.39345562], lr = 0.000500, Elapsed: 196.84 s
dropout points...remain 15.98% (432960/2710186), calculating x and y...finish!
building training dataset (time window)...finish!
[Epoch 21]: [Loss = 0.37606144], lr = 0.000420, Elapsed: 207.35 s
dropout points...remain 15.08% (408721/2710186), calculating x and y...finish!
building training dataset (time window)...finish!
[Epoch 22]: [Loss = 0.36489744], lr = 0.000354, Elapsed: 217.99 s
dropout points...remain 15.61% (423058/2710186), calculating x and y...finish!
building training dataset (time window)...finish!
[Epoch 23]: [Loss = 0.35488854], lr = 0.000297, Elapsed: 229.16 s
dropout points...remain 15.24% (413140/2710186), calculating x and y...finish!
building training dataset (time window)...finish!
[Epoch 24]: [Loss = 0.34314014], lr = 0.000250, Elapsed: 241.14 s
dropout points...remain 15.04% (407504/2710186), calculating x and y...finish!
building training dataset (time window)...finish!
[Epoch 25]: [Loss = 0.33563653], lr = 0.000210, Elapsed: 251.76 s
dropout points...remain 15.32% (415090/2710186), calculating x and y...finish!
building training dataset (time window)...finish!
[Epoch 26]: [Loss = 0.32945764], lr = 0.000177, Elapsed: 263.15 s
dropout points...remain 15.20% (411921/2710186), calculating x and y...finish!
building training dataset (time window)...finish!
[Epoch 27]: [Loss = 0.32345881], lr = 0.000149, Elapsed: 274.22 s
dropout points...remain 15.74% (426606/2710186), calculating x and y...finish!
building training dataset (time window)...finish!
[Epoch 28]: [Loss = 0.31786854], lr = 0.000125, Elapsed: 285.38 s
dropout points...remain 14.75% (399845/2710186), calculating x and y...finish!
building training dataset (time window)...finish!
[Epoch 29]: [Loss = 0.32176747], lr = 0.000105, Elapsed: 296.19 s
************ 5 ************
calculating x and y...done.
--point--
acc:	**78.48%**   f1-score:	**76.89%** 
 [[ 68809   1568   1533    746    237]
 [ 21158 118776   4274     90     89]
 [ 39521   3029 132275  19639    575]
 [   475    288   1043  14722      5]
 [   156      8     14    927  13237]]
Confusion Matrix - point
[[94.4  2.2  2.1  1.   0.3]
 [14.7 82.3  3.   0.1  0.1]
 [20.3  1.6 67.8 10.1  0.3]
 [ 2.9  1.7  6.3 89.   0. ]
 [ 1.1  0.1  0.1  6.5 92.3]]
N_trajectory: 1973
N_tripleg_true: 2430
N_tripleg_pred: 2781
mae_transfer: 0.742798
************ 10 ************
calculating x and y...done.
--point--
acc:	**78.83%**   f1-score:	**76.88%** 
 [[36616   984   732   440   194]
 [ 9394 61819  2235    72    14]
 [20540  1569 69919 11196   309]
 [  244   164   450  7756    17]
 [   98     4     0   515  6973]]
Confusion Matrix - point
[[94.   2.5  1.9  1.1  0.5]
 [12.8 84.1  3.   0.1  0. ]
 [19.8  1.5 67.5 10.8  0.3]
 [ 2.8  1.9  5.2 89.9  0.2]
 [ 1.3  0.1  0.   6.8 91.9]]
N_trajectory: 1969
N_tripleg_true: 2426
N_tripleg_pred: 2792
mae_transfer: 0.729596
************ 15 ************
calculating x and y...done.
--point--
acc:	**78.89%**   f1-score:	**76.96%** 
 [[25775   737   542   245   127]
 [ 6028 42160  1512    47    10]
 [14312  1142 47926  7575   186]
 [  170   108   505  5192     5]
 [   78     2     9   335  4814]]
Confusion Matrix - point
[[94.   2.7  2.   0.9  0.5]
 [12.1 84.7  3.   0.1  0. ]
 [20.1  1.6 67.4 10.6  0.3]
 [ 2.8  1.8  8.4 86.8  0.1]
 [ 1.5  0.   0.2  6.4 91.9]]
N_trajectory: 1964
N_tripleg_true: 2421
N_tripleg_pred: 2791
mae_transfer: 0.726972
************ 30 ************
calculating x and y...done.
--point--
acc:	**78.74%**   f1-score:	**77.05%** 
 [[14374   424   398    71    69]
 [ 3196 21679   817    52     1]
 [ 7653   602 25494  3806    76]
 [  127    67   518  2574     2]
 [   42     1     5   102  2640]]
Confusion Matrix - point
[[93.7  2.8  2.6  0.5  0.4]
 [12.4 84.2  3.2  0.2  0. ]
 [20.3  1.6 67.7 10.1  0.2]
 [ 3.9  2.  15.8 78.3  0.1]
 [ 1.5  0.   0.2  3.7 94.6]]
N_trajectory: 1944
N_tripleg_true: 2399
N_tripleg_pred: 2773
mae_transfer: 0.734473
************ 60 ************
calculating x and y...done.
--point--
acc:	**76.14%**   f1-score:	**74.52%** 
 [[ 8027   212   231    34    36]
 [ 2052 10994   536    37     3]
 [ 4338   291 12965  2429    44]
 [  116    31   412  1295     4]
 [   31     1     0    52  1468]]
Confusion Matrix - point
[[94.   2.5  2.7  0.4  0.4]
 [15.1 80.7  3.9  0.3  0. ]
 [21.6  1.5 64.6 12.1  0.2]
 [ 6.2  1.7 22.2 69.7  0.2]
 [ 2.   0.1  0.   3.4 94.6]]
N_trajectory: 1916
N_tripleg_true: 2367
N_tripleg_pred: 2755
mae_transfer: 0.777355
************ 120 ************
calculating x and y...done.
--point--
acc:	**68.51%**   f1-score:	**68.36%** 
 [[4438   91  172   51   33]
 [1501 4512 1326   21    2]
 [2390  238 6601 1520   36]
 [ 108   20  227  700    0]
 [  20    2    0   62  765]]
Confusion Matrix - point
[[92.7  1.9  3.6  1.1  0.7]
 [20.4 61.3 18.   0.3  0. ]
 [22.2  2.2 61.2 14.1  0.3]
 [10.2  1.9 21.5 66.4  0. ]
 [ 2.4  0.2  0.   7.3 90.1]]
N_trajectory: 1805
N_tripleg_true: 2248
N_tripleg_pred: 2633
mae_transfer: 0.936388
************ 180 ************
calculating x and y...done.
--point--
acc:	**66.87%**   f1-score:	**66.78%** 
 [[3109   50  127   43   28]
 [1100 3021 1040   22    0]
 [1692  209 4472 1100   28]
 [  86   39  120  481    3]
 [  13    0    2   53  532]]
Confusion Matrix - point
[[92.6  1.5  3.8  1.3  0.8]
 [21.2 58.3 20.1  0.4  0. ]
 [22.6  2.8 59.6 14.7  0.4]
 [11.8  5.3 16.5 66.   0.4]
 [ 2.2  0.   0.3  8.8 88.7]]
N_trajectory: 1695
N_tripleg_true: 2131
N_tripleg_pred: 2493
mae_transfer: 0.975129
************ 240 ************
calculating x and y...done.
--point--
acc:	**64.51%**   f1-score:	**64.87%** 
 [[2391   56   92   48   33]
 [ 970 2173  859   30    0]
 [1328  206 3324  887   11]
 [  81   29   76  381    9]
 [  13    0    2   39  401]]
Confusion Matrix - point
[[91.3  2.1  3.5  1.8  1.3]
 [24.1 53.9 21.3  0.7  0. ]
 [23.1  3.6 57.7 15.4  0.2]
 [14.1  5.  13.2 66.1  1.6]
 [ 2.9  0.   0.4  8.6 88.1]]
N_trajectory: 1587
N_tripleg_true: 2016
N_tripleg_pred: 2372
mae_transfer: 1.026786
************ 300 ************
calculating x and y...done.
--point--
acc:	**64.05%**   f1-score:	**65.19%** 
 [[1962   51  105   27   21]
 [ 831 1734  711   14    0]
 [1120  213 2680  672   13]
 [  52   24   43  343    2]
 [  19    4    2   31  326]]
Confusion Matrix - point
[[90.6  2.4  4.8  1.2  1. ]
 [25.3 52.7 21.6  0.4  0. ]
 [23.8  4.5 57.  14.3  0.3]
 [11.2  5.2  9.3 73.9  0.4]
 [ 5.   1.   0.5  8.1 85.3]]
N_trajectory: 1513
N_tripleg_true: 1936
N_tripleg_pred: 2260
mae_transfer: 1.021694
------- [usersplit / Fold 1] -------
dropout points...remain 14.22% (430924/3031198), calculating x and y...finish!
building training dataset (time window)...finish!
[Epoch 0]: [Loss = 1.04953635], lr = 0.000500, Elapsed: 9.15 s
dropout points...remain 14.38% (435966/3031198), calculating x and y...finish!
building training dataset (time window)...finish!
[Epoch 1]: [Loss = 0.90722603], lr = 0.001000, Elapsed: 18.49 s
dropout points...remain 15.44% (468056/3031198), calculating x and y...finish!
building training dataset (time window)...finish!
[Epoch 2]: [Loss = 0.84916080], lr = 0.000841, Elapsed: 27.93 s
dropout points...remain 15.22% (461331/3031198), calculating x and y...finish!
building training dataset (time window)...finish!
[Epoch 3]: [Loss = 0.81959320], lr = 0.000707, Elapsed: 37.59 s
dropout points...remain 15.19% (460503/3031198), calculating x and y...finish!
building training dataset (time window)...finish!
[Epoch 4]: [Loss = 0.77643516], lr = 0.000595, Elapsed: 46.90 s
dropout points...remain 13.85% (419693/3031198), calculating x and y...finish!
building training dataset (time window)...finish!
[Epoch 5]: [Loss = 0.74504744], lr = 0.000500, Elapsed: 56.18 s
dropout points...remain 14.64% (443826/3031198), calculating x and y...finish!
building training dataset (time window)...finish!
[Epoch 6]: [Loss = 0.72709774], lr = 0.000420, Elapsed: 65.22 s
dropout points...remain 14.15% (429064/3031198), calculating x and y...finish!
building training dataset (time window)...finish!
[Epoch 7]: [Loss = 0.71022983], lr = 0.000354, Elapsed: 74.86 s
dropout points...remain 14.07% (426410/3031198), calculating x and y...finish!
building training dataset (time window)...finish!
[Epoch 8]: [Loss = 0.68885065], lr = 0.000297, Elapsed: 84.06 s
dropout points...remain 14.74% (446690/3031198), calculating x and y...finish!
building training dataset (time window)...finish!
[Epoch 9]: [Loss = 0.67897153], lr = 0.000250, Elapsed: 93.73 s
dropout points...remain 14.72% (446226/3031198), calculating x and y...finish!
building training dataset (time window)...finish!
[Epoch 10]: [Loss = 0.66690558], lr = 0.000210, Elapsed: 102.97 s
dropout points...remain 14.84% (449749/3031198), calculating x and y...finish!
building training dataset (time window)...finish!
[Epoch 11]: [Loss = 0.66720897], lr = 0.000177, Elapsed: 112.62 s
dropout points...remain 14.26% (432189/3031198), calculating x and y...finish!
building training dataset (time window)...finish!
[Epoch 12]: [Loss = 0.64622473], lr = 0.000149, Elapsed: 121.66 s
dropout points...remain 14.38% (436014/3031198), calculating x and y...finish!
building training dataset (time window)...finish!
[Epoch 13]: [Loss = 0.64715167], lr = 0.000125, Elapsed: 132.09 s
dropout points...remain 15.10% (457682/3031198), calculating x and y...finish!
building training dataset (time window)...finish!
[Epoch 14]: [Loss = 0.64282382], lr = 0.000105, Elapsed: 141.78 s
dropout points...remain 14.28% (432982/3031198), calculating x and y...finish!
building training dataset (time window)...finish!
[Epoch 15]: [Loss = 0.79698167], lr = 0.000500, Elapsed: 153.82 s
dropout points...remain 14.63% (443564/3031198), calculating x and y...finish!
building training dataset (time window)...finish!
[Epoch 16]: [Loss = 0.62501651], lr = 0.001000, Elapsed: 165.42 s
dropout points...remain 14.46% (438250/3031198), calculating x and y...finish!
building training dataset (time window)...finish!
[Epoch 17]: [Loss = 0.51591087], lr = 0.000841, Elapsed: 177.28 s
dropout points...remain 14.88% (450960/3031198), calculating x and y...finish!
building training dataset (time window)...finish!
[Epoch 18]: [Loss = 0.48569222], lr = 0.000707, Elapsed: 189.74 s
dropout points...remain 14.74% (446768/3031198), calculating x and y...finish!
building training dataset (time window)...finish!
[Epoch 19]: [Loss = 0.43487491], lr = 0.000595, Elapsed: 201.84 s
dropout points...remain 14.41% (436675/3031198), calculating x and y...finish!
building training dataset (time window)...finish!
[Epoch 20]: [Loss = 0.42501812], lr = 0.000500, Elapsed: 213.18 s
dropout points...remain 14.36% (435135/3031198), calculating x and y...finish!
building training dataset (time window)...finish!
[Epoch 21]: [Loss = 0.39140166], lr = 0.000420, Elapsed: 225.00 s
dropout points...remain 14.12% (428115/3031198), calculating x and y...finish!
building training dataset (time window)...finish!
[Epoch 22]: [Loss = 0.37190003], lr = 0.000354, Elapsed: 236.29 s
dropout points...remain 14.91% (452091/3031198), calculating x and y...finish!
building training dataset (time window)...finish!
[Epoch 23]: [Loss = 0.35478367], lr = 0.000297, Elapsed: 248.20 s
dropout points...remain 14.39% (436213/3031198), calculating x and y...finish!
building training dataset (time window)...finish!
[Epoch 24]: [Loss = 0.34987156], lr = 0.000250, Elapsed: 259.47 s
dropout points...remain 14.29% (433150/3031198), calculating x and y...finish!
building training dataset (time window)...finish!
[Epoch 25]: [Loss = 0.35095294], lr = 0.000210, Elapsed: 271.50 s
dropout points...remain 13.84% (419540/3031198), calculating x and y...finish!
building training dataset (time window)...finish!
[Epoch 26]: [Loss = 0.34160340], lr = 0.000177, Elapsed: 283.38 s
dropout points...remain 14.31% (433754/3031198), calculating x and y...finish!
building training dataset (time window)...finish!
[Epoch 27]: [Loss = 0.32031517], lr = 0.000149, Elapsed: 295.47 s
dropout points...remain 14.07% (426408/3031198), calculating x and y...finish!
building training dataset (time window)...finish!
[Epoch 28]: [Loss = 0.31457941], lr = 0.000125, Elapsed: 306.82 s
dropout points...remain 14.58% (441852/3031198), calculating x and y...finish!
building training dataset (time window)...finish!
[Epoch 29]: [Loss = 0.31285306], lr = 0.000105, Elapsed: 318.63 s
************ 5 ************
calculating x and y...done.
--point--
acc:	**83.25%**   f1-score:	**74.66%** 
 [[142016   2398  19736   1936   2106]
 [  3625   6422   1114      0      5]
 [  9539   1131 142367   4153   1439]
 [  4960    588  13238  12761    321]
 [   873      4     63     88  30991]]
Confusion Matrix - point
[[84.4  1.4 11.7  1.2  1.3]
 [32.5 57.5 10.   0.   0. ]
 [ 6.   0.7 89.7  2.6  0.9]
 [15.6  1.8 41.5 40.   1. ]
 [ 2.7  0.   0.2  0.3 96.8]]
N_trajectory: 1670
N_tripleg_true: 2663
N_tripleg_pred: 2434
mae_transfer: 0.543372
************ 10 ************
calculating x and y...done.
--point--
acc:	**84.25%**   f1-score:	**76.91%** 
 [[75512  1459  8748   561  1219]
 [ 1510  3844   541     0     3]
 [ 5305   715 71312  2500   726]
 [ 2627   293  5736  7663   164]
 [  422     0     6    31 15875]]
Confusion Matrix - point
[[86.3  1.7 10.   0.6  1.4]
 [25.6 65.2  9.2  0.   0.1]
 [ 6.6  0.9 88.5  3.1  0.9]
 [15.9  1.8 34.8 46.5  1. ]
 [ 2.6  0.   0.   0.2 97.2]]
N_trajectory: 1667
N_tripleg_true: 2656
N_tripleg_pred: 2446
mae_transfer: 0.526355
************ 15 ************
calculating x and y...done.
--point--
acc:	**84.63%**   f1-score:	**77.69%** 
 [[52412  1014  5656   418   805]
 [ 1096  2690   300     0     2]
 [ 3704   465 47931  1850   491]
 [ 1767   222  3481  5670   116]
 [  294     0     3    17 10780]]
Confusion Matrix - point
[[86.9  1.7  9.4  0.7  1.3]
 [26.8 65.8  7.3  0.   0. ]
 [ 6.8  0.9 88.   3.4  0.9]
 [15.7  2.  30.9 50.4  1. ]
 [ 2.7  0.   0.   0.2 97.2]]
N_trajectory: 1659
N_tripleg_true: 2646
N_tripleg_pred: 2466
mae_transfer: 0.528345
************ 30 ************
calculating x and y...done.
--point--
acc:	**85.35%**   f1-score:	**79.16%** 
 [[28264   479  2803   266   410]
 [  589  1413   177     0     1]
 [ 2038   262 24550  1016   259]
 [  872   125  1341  3533    65]
 [  167     0     4     8  5618]]
Confusion Matrix - point
[[87.7  1.5  8.7  0.8  1.3]
 [27.  64.8  8.1  0.   0. ]
 [ 7.2  0.9 87.3  3.6  0.9]
 [14.7  2.1 22.6 59.5  1.1]
 [ 2.9  0.   0.1  0.1 96.9]]
N_trajectory: 1648
N_tripleg_true: 2629
N_tripleg_pred: 2468
mae_transfer: 0.525295
************ 60 ************
calculating x and y...done.
--point--
acc:	**85.54%**   f1-score:	**79.38%** 
 [[15604   275  1410   121   188]
 [  278   813    95     0     2]
 [ 1121   222 12722   586   146]
 [  487    93   599  1952    35]
 [   96     0     9     5  3023]]
Confusion Matrix - point
[[88.7  1.6  8.   0.7  1.1]
 [23.4 68.4  8.   0.   0.2]
 [ 7.6  1.5 86.   4.   1. ]
 [15.4  2.9 18.9 61.7  1.1]
 [ 3.1  0.   0.3  0.2 96.5]]
N_trajectory: 1607
N_tripleg_true: 2577
N_tripleg_pred: 2435
mae_transfer: 0.520761
************ 120 ************
calculating x and y...done.
--point--
acc:	**81.85%**   f1-score:	**73.05%** 
 [[8408  209  906  107  179]
 [ 239  369   58    0    3]
 [ 627  362 6383  453   79]
 [ 227   87  319 1041   24]
 [  47    2   12   11 1620]]
Confusion Matrix - point
[[85.7  2.1  9.2  1.1  1.8]
 [35.7 55.2  8.7  0.   0.4]
 [ 7.9  4.6 80.8  5.7  1. ]
 [13.4  5.1 18.8 61.3  1.4]
 [ 2.8  0.1  0.7  0.7 95.7]]
N_trajectory: 1482
N_tripleg_true: 2436
N_tripleg_pred: 2197
mae_transfer: 0.566913
************ 180 ************
calculating x and y...done.
--point--
acc:	**80.93%**   f1-score:	**71.69%** 
 [[5897  203  641   81  132]
 [ 169  245   47    5    0]
 [ 460  298 4346  330   57]
 [ 158   72  171  757   17]
 [  47    7    7   12 1125]]
Confusion Matrix - point
[[84.8  2.9  9.2  1.2  1.9]
 [36.3 52.6 10.1  1.1  0. ]
 [ 8.4  5.4 79.1  6.   1. ]
 [13.4  6.1 14.6 64.4  1.4]
 [ 3.9  0.6  0.6  1.  93.9]]
N_trajectory: 1387
N_tripleg_true: 2299
N_tripleg_pred: 2057
mae_transfer: 0.598521
************ 240 ************
calculating x and y...done.
--point--
acc:	**79.09%**   f1-score:	**69.33%** 
 [[4581  138  564   71  129]
 [ 145  181   42    0    1]
 [ 371  324 3237  251   45]
 [ 110   64  165  540   13]
 [  34    1    7    8  854]]
Confusion Matrix - point
[[83.5  2.5 10.3  1.3  2.4]
 [39.3 49.1 11.4  0.   0.3]
 [ 8.8  7.7 76.6  5.9  1.1]
 [12.3  7.2 18.5 60.5  1.5]
 [ 3.8  0.1  0.8  0.9 94.5]]
N_trajectory: 1310
N_tripleg_true: 2195
N_tripleg_pred: 1920
mae_transfer: 0.615490
************ 300 ************
calculating x and y...done.
--point--
acc:	**76.85%**   f1-score:	**67.16%** 
 [[3670  184  438   60  138]
 [ 141  142   30    2    2]
 [ 312  374 2502  223   42]
 [ 122   33   92  478   13]
 [  28    4    6   10  692]]
Confusion Matrix - point
[[81.7  4.1  9.8  1.3  3.1]
 [44.5 44.8  9.5  0.6  0.6]
 [ 9.  10.8 72.5  6.5  1.2]
 [16.5  4.5 12.5 64.8  1.8]
 [ 3.8  0.5  0.8  1.4 93.5]]
N_trajectory: 1228
N_tripleg_true: 2085
N_tripleg_pred: 1814
mae_transfer: 0.655635
------- [usersplit / Fold 2] -------
dropout points...remain 14.73% (455387/3090680), calculating x and y...finish!
building training dataset (time window)...finish!
[Epoch 0]: [Loss = 1.03333098], lr = 0.000500, Elapsed: 9.49 s
dropout points...remain 15.19% (469430/3090680), calculating x and y...finish!
building training dataset (time window)...finish!
[Epoch 1]: [Loss = 0.90666381], lr = 0.001000, Elapsed: 19.63 s
dropout points...remain 16.74% (517254/3090680), calculating x and y...finish!
building training dataset (time window)...finish!
[Epoch 2]: [Loss = 0.85710529], lr = 0.000841, Elapsed: 29.67 s
dropout points...remain 15.01% (463816/3090680), calculating x and y...finish!
building training dataset (time window)...finish!
[Epoch 3]: [Loss = 0.79813093], lr = 0.000707, Elapsed: 40.07 s
dropout points...remain 15.41% (476147/3090680), calculating x and y...finish!
building training dataset (time window)...finish!
[Epoch 4]: [Loss = 0.75202200], lr = 0.000595, Elapsed: 49.79 s
dropout points...remain 14.73% (455373/3090680), calculating x and y...finish!
building training dataset (time window)...finish!
[Epoch 5]: [Loss = 0.75103389], lr = 0.000500, Elapsed: 60.04 s
dropout points...remain 15.05% (464993/3090680), calculating x and y...finish!
building training dataset (time window)...finish!
[Epoch 6]: [Loss = 0.72195721], lr = 0.000420, Elapsed: 69.91 s
dropout points...remain 15.22% (470424/3090680), calculating x and y...finish!
building training dataset (time window)...finish!
[Epoch 7]: [Loss = 0.70869688], lr = 0.000354, Elapsed: 80.52 s
dropout points...remain 15.12% (467426/3090680), calculating x and y...finish!
building training dataset (time window)...finish!
[Epoch 8]: [Loss = 0.70650078], lr = 0.000297, Elapsed: 90.30 s
dropout points...remain 16.42% (507342/3090680), calculating x and y...finish!
building training dataset (time window)...finish!
[Epoch 9]: [Loss = 0.68592499], lr = 0.000250, Elapsed: 100.95 s
dropout points...remain 16.32% (504412/3090680), calculating x and y...finish!
building training dataset (time window)...finish!
[Epoch 10]: [Loss = 0.67845234], lr = 0.000210, Elapsed: 111.47 s
dropout points...remain 15.63% (482969/3090680), calculating x and y...finish!
building training dataset (time window)...finish!
[Epoch 11]: [Loss = 0.65698542], lr = 0.000177, Elapsed: 121.94 s
dropout points...remain 15.03% (464379/3090680), calculating x and y...finish!
building training dataset (time window)...finish!
[Epoch 12]: [Loss = 0.66336058], lr = 0.000149, Elapsed: 131.99 s
dropout points...remain 15.10% (466619/3090680), calculating x and y...finish!
building training dataset (time window)...finish!
[Epoch 13]: [Loss = 0.66106785], lr = 0.000125, Elapsed: 142.72 s
dropout points...remain 14.70% (454353/3090680), calculating x and y...finish!
building training dataset (time window)...finish!
[Epoch 14]: [Loss = 0.65802319], lr = 0.000105, Elapsed: 152.97 s
dropout points...remain 14.88% (459762/3090680), calculating x and y...finish!
building training dataset (time window)...finish!
[Epoch 15]: [Loss = 0.78115959], lr = 0.000500, Elapsed: 166.66 s
dropout points...remain 14.55% (449618/3090680), calculating x and y...finish!
building training dataset (time window)...finish!
[Epoch 16]: [Loss = 0.63703505], lr = 0.001000, Elapsed: 178.42 s
dropout points...remain 14.96% (462341/3090680), calculating x and y...finish!
building training dataset (time window)...finish!
[Epoch 17]: [Loss = 0.54677335], lr = 0.000841, Elapsed: 191.08 s
dropout points...remain 14.79% (457136/3090680), calculating x and y...finish!
building training dataset (time window)...finish!
[Epoch 18]: [Loss = 0.47950280], lr = 0.000707, Elapsed: 203.30 s
dropout points...remain 15.23% (470687/3090680), calculating x and y...finish!
building training dataset (time window)...finish!
[Epoch 19]: [Loss = 0.44335320], lr = 0.000595, Elapsed: 215.79 s
dropout points...remain 14.94% (461673/3090680), calculating x and y...finish!
building training dataset (time window)...finish!
[Epoch 20]: [Loss = 0.41462062], lr = 0.000500, Elapsed: 227.70 s
dropout points...remain 14.28% (441237/3090680), calculating x and y...finish!
building training dataset (time window)...finish!
[Epoch 21]: [Loss = 0.39636282], lr = 0.000420, Elapsed: 239.89 s
dropout points...remain 14.61% (451417/3090680), calculating x and y...finish!
building training dataset (time window)...finish!
[Epoch 22]: [Loss = 0.37771644], lr = 0.000354, Elapsed: 251.75 s
dropout points...remain 14.73% (455191/3090680), calculating x and y...finish!
building training dataset (time window)...finish!
[Epoch 23]: [Loss = 0.37926445], lr = 0.000297, Elapsed: 264.00 s
dropout points...remain 14.15% (437282/3090680), calculating x and y...finish!
building training dataset (time window)...finish!
[Epoch 24]: [Loss = 0.35941834], lr = 0.000250, Elapsed: 275.99 s
dropout points...remain 15.05% (465220/3090680), calculating x and y...finish!
building training dataset (time window)...finish!
[Epoch 25]: [Loss = 0.34321288], lr = 0.000210, Elapsed: 288.44 s
dropout points...remain 15.15% (468132/3090680), calculating x and y...finish!
building training dataset (time window)...finish!
[Epoch 26]: [Loss = 0.34143870], lr = 0.000177, Elapsed: 300.67 s
dropout points...remain 14.81% (457777/3090680), calculating x and y...finish!
building training dataset (time window)...finish!
[Epoch 27]: [Loss = 0.33466552], lr = 0.000149, Elapsed: 313.09 s
dropout points...remain 15.17% (468906/3090680), calculating x and y...finish!
building training dataset (time window)...finish!
[Epoch 28]: [Loss = 0.32797222], lr = 0.000125, Elapsed: 325.16 s
dropout points...remain 14.68% (453683/3090680), calculating x and y...finish!
building training dataset (time window)...finish!
[Epoch 29]: [Loss = 0.32655845], lr = 0.000105, Elapsed: 337.64 s
************ 5 ************
calculating x and y...done.
--point--
acc:	**85.41%**   f1-score:	**87.29%** 
 [[79328  7686  7170  3021   118]
 [ 5728 72506  1134   849     0]
 [ 3705  1921 50356  6680   121]
 [  783   123  6827 58578    39]
 [   74     7   112    14  9130]]
Confusion Matrix - point
[[81.5  7.9  7.4  3.1  0.1]
 [ 7.1 90.4  1.4  1.1  0. ]
 [ 5.9  3.1 80.2 10.6  0.2]
 [ 1.2  0.2 10.3 88.3  0.1]
 [ 0.8  0.1  1.2  0.1 97.8]]
N_trajectory: 1276
N_tripleg_true: 1891
N_tripleg_pred: 1634
mae_transfer: 0.506081
************ 10 ************
calculating x and y...done.
--point--
acc:	**85.34%**   f1-score:	**87.09%** 
 [[41196  4103  3094  1391    76]
 [ 2810 37998   604   368     0]
 [ 2120  1211 24928  3568    63]
 [  442   112  3856 30567    23]
 [   34     4    63     0  4644]]
Confusion Matrix - point
[[82.6  8.2  6.2  2.8  0.2]
 [ 6.7 90.9  1.4  0.9  0. ]
 [ 6.6  3.8 78.2 11.2  0.2]
 [ 1.3  0.3 11.  87.3  0.1]
 [ 0.7  0.1  1.3  0.  97.9]]
N_trajectory: 1275
N_tripleg_true: 1890
N_tripleg_pred: 1643
mae_transfer: 0.492593
************ 15 ************
calculating x and y...done.
--point--
acc:	**85.69%**   f1-score:	**87.37%** 
 [[28117  2960  1960   893    55]
 [ 1817 26169   477   186     0]
 [ 1480   849 16851  2305    43]
 [  326    81  2452 21311    13]
 [   29     2    41     0  3141]]
Confusion Matrix - point
[[82.7  8.7  5.8  2.6  0.2]
 [ 6.3 91.3  1.7  0.6  0. ]
 [ 6.9  3.9 78.3 10.7  0.2]
 [ 1.3  0.3 10.1 88.1  0.1]
 [ 0.9  0.1  1.3  0.  97.8]]
N_trajectory: 1274
N_tripleg_true: 1889
N_tripleg_pred: 1651
mae_transfer: 0.485971
************ 30 ************
calculating x and y...done.
--point--
acc:	**85.92%**   f1-score:	**87.44%** 
 [[14949  1417  1049   530    26]
 [  980 13850   273   121     0]
 [  770   426  8584  1307    23]
 [  197    43  1081 11646    12]
 [   20     7    19     0  1618]]
Confusion Matrix - point
[[83.2  7.9  5.8  2.9  0.1]
 [ 6.4 91.   1.8  0.8  0. ]
 [ 6.9  3.8 77.3 11.8  0.2]
 [ 1.5  0.3  8.3 89.7  0.1]
 [ 1.2  0.4  1.1  0.  97.2]]
N_trajectory: 1267
N_tripleg_true: 1880
N_tripleg_pred: 1661
mae_transfer: 0.492021
************ 60 ************
calculating x and y...done.
--point--
acc:	**84.52%**   f1-score:	**86.20%** 
 [[8028  868  654  295   12]
 [ 517 7397  251   76    0]
 [ 448  255 4323  781   12]
 [ 119   20  598 6329    6]
 [  12    0    0   10  860]]
Confusion Matrix - point
[[81.4  8.8  6.6  3.   0.1]
 [ 6.3 89.8  3.   0.9  0. ]
 [ 7.7  4.4 74.3 13.4  0.2]
 [ 1.7  0.3  8.5 89.5  0.1]
 [ 1.4  0.   0.   1.1 97.5]]
N_trajectory: 1253
N_tripleg_true: 1858
N_tripleg_pred: 1618
mae_transfer: 0.515608
************ 120 ************
calculating x and y...done.
--point--
acc:	**83.02%**   f1-score:	**85.03%** 
 [[4463  420  443  203    7]
 [ 370 3788  303   54    0]
 [ 252  175 2303  358    9]
 [  95   58  204 3466    1]
 [   9    1    0    0  457]]
Confusion Matrix - point
[[80.6  7.6  8.   3.7  0.1]
 [ 8.2 83.9  6.7  1.2  0. ]
 [ 8.1  5.7 74.4 11.6  0.3]
 [ 2.5  1.5  5.3 90.6  0. ]
 [ 1.9  0.2  0.   0.  97.9]]
N_trajectory: 1190
N_tripleg_true: 1769
N_tripleg_pred: 1514
mae_transfer: 0.537592
************ 180 ************
calculating x and y...done.
--point--
acc:	**80.56%**   f1-score:	**82.79%** 
 [[3131  313  332  200    7]
 [ 315 2486  308   43    0]
 [ 175  121 1557  293    4]
 [  89   63  107 2396    2]
 [  10    0    0    3  311]]
Confusion Matrix - point
[[78.6  7.9  8.3  5.   0.2]
 [10.  78.9  9.8  1.4  0. ]
 [ 8.1  5.6 72.4 13.6  0.2]
 [ 3.3  2.4  4.  90.2  0.1]
 [ 3.1  0.   0.   0.9 96. ]]
N_trajectory: 1129
N_tripleg_true: 1691
N_tripleg_pred: 1452
mae_transfer: 0.583678
************ 240 ************
calculating x and y...done.
--point--
acc:	**80.20%**   f1-score:	**82.27%** 
 [[2522  169  283  123   11]
 [ 318 1765  324   43    0]
 [ 159   71 1224  194    7]
 [  50   44   81 1878    1]
 [   6    1    0    0  244]]
Confusion Matrix - point
[[81.1  5.4  9.1  4.   0.4]
 [13.  72.  13.2  1.8  0. ]
 [ 9.6  4.3 74.  11.7  0.4]
 [ 2.4  2.1  3.9 91.4  0. ]
 [ 2.4  0.4  0.   0.  97.2]]
N_trajectory: 1070
N_tripleg_true: 1612
N_tripleg_pred: 1386
mae_transfer: 0.612903
************ 300 ************
calculating x and y...done.
--point--
acc:	**77.53%**   f1-score:	**80.05%** 
 [[2090  151  277   96    8]
 [ 279 1328  331   48    0]
 [ 145   63  969  175    3]
 [  59   45   78 1505    1]
 [   5    1    1    0  200]]
Confusion Matrix - point
[[79.7  5.8 10.6  3.7  0.3]
 [14.  66.9 16.7  2.4  0. ]
 [10.7  4.6 71.5 12.9  0.2]
 [ 3.5  2.7  4.6 89.2  0.1]
 [ 2.4  0.5  0.5  0.  96.6]]
N_trajectory: 1019
N_tripleg_true: 1548
N_tripleg_pred: 1359
mae_transfer: 0.667313
------- [usersplit / Fold 3] -------
dropout points...remain 13.43% (433584/3227288), calculating x and y...finish!
building training dataset (time window)...finish!
[Epoch 0]: [Loss = 0.99047514], lr = 0.000500, Elapsed: 9.09 s
dropout points...remain 14.28% (460714/3227288), calculating x and y...finish!
building training dataset (time window)...finish!
[Epoch 1]: [Loss = 0.86130673], lr = 0.001000, Elapsed: 18.73 s
dropout points...remain 15.50% (500089/3227288), calculating x and y...finish!
building training dataset (time window)...finish!
[Epoch 2]: [Loss = 0.79707818], lr = 0.000841, Elapsed: 28.11 s
dropout points...remain 14.58% (470465/3227288), calculating x and y...finish!
building training dataset (time window)...finish!
[Epoch 3]: [Loss = 0.75512651], lr = 0.000707, Elapsed: 37.98 s
dropout points...remain 13.80% (445484/3227288), calculating x and y...finish!
building training dataset (time window)...finish!
[Epoch 4]: [Loss = 0.73627429], lr = 0.000595, Elapsed: 47.04 s
dropout points...remain 14.54% (469238/3227288), calculating x and y...finish!
building training dataset (time window)...finish!
[Epoch 5]: [Loss = 0.71491625], lr = 0.000500, Elapsed: 56.82 s
dropout points...remain 14.22% (458935/3227288), calculating x and y...finish!
building training dataset (time window)...finish!
[Epoch 6]: [Loss = 0.70246556], lr = 0.000420, Elapsed: 66.01 s
dropout points...remain 14.35% (463261/3227288), calculating x and y...finish!
building training dataset (time window)...finish!
[Epoch 7]: [Loss = 0.67263974], lr = 0.000354, Elapsed: 76.13 s
dropout points...remain 14.33% (462422/3227288), calculating x and y...finish!
building training dataset (time window)...finish!
[Epoch 8]: [Loss = 0.67228275], lr = 0.000297, Elapsed: 85.42 s
dropout points...remain 15.52% (500768/3227288), calculating x and y...finish!
building training dataset (time window)...finish!
[Epoch 9]: [Loss = 0.65517679], lr = 0.000250, Elapsed: 95.55 s
dropout points...remain 14.56% (469826/3227288), calculating x and y...finish!
building training dataset (time window)...finish!
[Epoch 10]: [Loss = 0.65035192], lr = 0.000210, Elapsed: 104.90 s
dropout points...remain 14.16% (457081/3227288), calculating x and y...finish!
building training dataset (time window)...finish!
[Epoch 11]: [Loss = 0.63625337], lr = 0.000177, Elapsed: 114.79 s
dropout points...remain 14.12% (455723/3227288), calculating x and y...finish!
building training dataset (time window)...finish!
[Epoch 12]: [Loss = 0.63691934], lr = 0.000149, Elapsed: 124.23 s
dropout points...remain 14.09% (454650/3227288), calculating x and y...finish!
building training dataset (time window)...finish!
[Epoch 13]: [Loss = 0.64198223], lr = 0.000125, Elapsed: 133.93 s
dropout points...remain 14.25% (460024/3227288), calculating x and y...finish!
building training dataset (time window)...finish!
[Epoch 14]: [Loss = 0.61959178], lr = 0.000105, Elapsed: 143.24 s
dropout points...remain 14.23% (459131/3227288), calculating x and y...finish!
building training dataset (time window)...finish!
[Epoch 15]: [Loss = 0.76305195], lr = 0.000500, Elapsed: 155.36 s
dropout points...remain 14.48% (467370/3227288), calculating x and y...finish!
building training dataset (time window)...finish!
[Epoch 16]: [Loss = 0.63651039], lr = 0.001000, Elapsed: 167.20 s
dropout points...remain 14.34% (462702/3227288), calculating x and y...finish!
building training dataset (time window)...finish!
[Epoch 17]: [Loss = 0.53127399], lr = 0.000841, Elapsed: 179.32 s
dropout points...remain 14.33% (462378/3227288), calculating x and y...finish!
building training dataset (time window)...finish!
[Epoch 18]: [Loss = 0.50199843], lr = 0.000707, Elapsed: 190.82 s
dropout points...remain 13.96% (450621/3227288), calculating x and y...finish!
building training dataset (time window)...finish!
[Epoch 19]: [Loss = 0.44954091], lr = 0.000595, Elapsed: 202.75 s
dropout points...remain 14.21% (458749/3227288), calculating x and y...finish!
building training dataset (time window)...finish!
[Epoch 20]: [Loss = 0.44258572], lr = 0.000500, Elapsed: 214.33 s
dropout points...remain 13.58% (438226/3227288), calculating x and y...finish!
building training dataset (time window)...finish!
[Epoch 21]: [Loss = 0.41057246], lr = 0.000420, Elapsed: 226.01 s
dropout points...remain 13.95% (450313/3227288), calculating x and y...finish!
building training dataset (time window)...finish!
[Epoch 22]: [Loss = 0.38839478], lr = 0.000354, Elapsed: 237.32 s
dropout points...remain 14.04% (453209/3227288), calculating x and y...finish!
building training dataset (time window)...finish!
[Epoch 23]: [Loss = 0.38224561], lr = 0.000297, Elapsed: 249.01 s
dropout points...remain 13.62% (439689/3227288), calculating x and y...finish!
building training dataset (time window)...finish!
[Epoch 24]: [Loss = 0.38414152], lr = 0.000250, Elapsed: 260.55 s
dropout points...remain 13.92% (449319/3227288), calculating x and y...finish!
building training dataset (time window)...finish!
[Epoch 25]: [Loss = 0.36654231], lr = 0.000210, Elapsed: 272.57 s
dropout points...remain 14.36% (463317/3227288), calculating x and y...finish!
building training dataset (time window)...finish!
[Epoch 26]: [Loss = 0.36302535], lr = 0.000177, Elapsed: 284.44 s
dropout points...remain 13.75% (443671/3227288), calculating x and y...finish!
building training dataset (time window)...finish!
[Epoch 27]: [Loss = 0.35664014], lr = 0.000149, Elapsed: 296.46 s
dropout points...remain 13.75% (443867/3227288), calculating x and y...finish!
building training dataset (time window)...finish!
[Epoch 28]: [Loss = 0.33948977], lr = 0.000125, Elapsed: 308.37 s
dropout points...remain 14.20% (458357/3227288), calculating x and y...finish!
building training dataset (time window)...finish!
[Epoch 29]: [Loss = 0.34435421], lr = 0.000105, Elapsed: 320.35 s
************ 5 ************
calculating x and y...done.
--point--
acc:	**92.02%**   f1-score:	**85.17%** 
 [[ 74652    718   1729   2002    479]
 [  1654  40533    330    416      1]
 [  1468     13   5170   2892     29]
 [  8858     68   4346 153871    373]
 [   535      2     57     11  25537]]
Confusion Matrix - point
[[93.8  0.9  2.2  2.5  0.6]
 [ 3.9 94.4  0.8  1.   0. ]
 [15.3  0.1 54.  30.2  0.3]
 [ 5.3  0.   2.6 91.9  0.2]
 [ 2.   0.   0.2  0.  97.7]]
N_trajectory: 1547
N_tripleg_true: 1920
N_tripleg_pred: 2007
mae_transfer: 0.388021
************ 10 ************
calculating x and y...done.
--point--
acc:	**92.23%**   f1-score:	**85.30%** 
 [[40262   559   859  1133   262]
